Normal Orbs: 125
282 325
342 310
402 325
342 340
312 355
342 362.5
327 370
357 370
267 385
297 385
319.5 385
342 385
364.5 385
387 385
417 385
327 400
357 400
342 407.5
312 415
372 415
342 430
282 445
342 460
402 445

492 400
432 415
552 415
462 445
522 445
492 452.5
477 460
507 460
417 475
447 475
469.5 475
492 475
514.5 475
537 475
567 475
477 490
507 490
492 497.5
462 505
522 505
492 520
432 535
492 550
552 535

642 310
702 325
642 340
612 355
672 355
642 362.5
627 370
657 370
567 385
597 385
619.5 385
642 385
664.5 385
687 385
717 385
627 400
642 407.5
657 400
612 415
642 430
672 415
582 445
642 460
702 445

237 520
252 520
267 520
267 535
259.5 550
252 565
244.5 580
237 595

327 580
342 580
357 580
327 595
385 595
334.5 610
379.5 610
342 625
372 625
349.5 640
364.5 640
357 655

462 595
477 595
492 595
507 595
522 595
462 610
522 610
469.5 625
514.5 625
477 640
507 640
484.5 655
499.5 655
492 670

612 580
627 580
642 580
657 580
672 580
612 595
672 595
619.5 610
664.5 610
627 625
657 625
649.5 640
642 655

717 520
732 520
747 520
724.5 550
732 565
739.5 580
747 595

Bomb Orbs: 3
492 430
717 535
634.5 640

Health Orbs: 2
372 355
387 580

Restore Orbs: 2
372 580
582 325

Player: 1
250 174

Pokemon: 8
Fennekin
0
10
30
400 202

Pancham
0
10
30
450 204

Froakie
0
10
30
550 204

Pancham
1
10
30
700 196

Fennekin
2
10
30
800 193

Froakie
2
10
30
1000 196

Pancham
0
10
30
1000 204

Fennekin
1
10
30
1000 198