Normal Orbs: 123
297 325
289.5 340
282 355
276.9 370
271.95 400
271.95 415
271.95 430
271.95 445
271.95 460
271.95 475
271.95 490
271.95 505
271.95 520
271.95 535
271.95 550
271.95 565
273 580
276.9 595
282 610
289.5 625
297 640

702 325
709.5 340
717 355
722.1 370
726 385
727.05 400
727.05 415
727.05 430
727.05 445
727.05 460
727.05 490
727.05 505
727.05 520
727.05 535
727.05 550
727.05 565
726 580
722.1 595
717 610
709.5 625
702 640

351.9 355
342 370
331.95 400
327 415
327 445
327 460
327 490
327 505
327 535
331.95 550
342 580
351.9 595

647.1 355
657 370
667.05 400
672 445
672 460
672 490
672 505
672 535
667.05 550
657 580
647.1 595

394.5 385
379.5 415
372 445
372 475
372 505
379.5 535
394.5 565

604.5 385
619.5 415
627 445
627 475
627 505
619.5 535
604.5 565

439.5 475
424.5 490
454.5 490
439.5 505

559.5 475
574.5 490
544.5 490
559.5 505

469.5 415
454.5 430
484.5 430
469.5 445

529.5 415
544.5 430
514.5 430
529.5 445

469.5 535
454.5 550
484.5 550
469.5 565

529.5 535
544.5 550
514.5 550
529.5 565

499.5 475
484.5 490
514.5 490
499.5 505

432 595
417 610
402 625
432 625
417 640
447 640
432 655

567 595
582 610
552 610
597 625
567 625
537 625
582 640
552 640
567 655

Bomb Orbs: 2
273 385
447 610

Health Orbs: 3
727.05 475
462 625
672 415

Restore Orbs: 1
499.5 490

Player: 1
250 174

Pokemon: 6
Fennekin
1
10
30
500 198

Pancham
0
10
30
700 204

Fennekin
1
10
30
1000 198

Froakie
1
10
30
1000 202

Froakie
0
10
30
1000 204

Pancham
1
10
30
1000 196