Normal Orbs: 120
282 280
274.5 295

304.5 340
319.5 340
297 355
312 355
327 355
304.5 370
319.5 370

274.5 415
267 430
282 430
274.2 445

304.5 490
319.5 490
297 505
312 505
327 505
304.5 520
319.5 520

274.5 565
267 580
282 580
274.5 595

304.5 640
319.5 640
297 655
312 655
327 655

394.5 340
409.5 340
387 355
417 355
394.5 370
409.5 370

394.5 490
409.5 490
387 505
402 505
417 505
394.5 520
409.5 520

409.5 640
387 655
402 655

439.5 415
454.5 415
432 430
447 430
462 430
439.5 445
454.5 445

439.5 565
454.5 565
432 580
447 580
462 580
439.5 595
454.5 595

529.5 415
544.5 415
522 430
537 430
552 430
529.5 445
544.5 445

529.5 565
544.5 565
522 580
537 580
552 580
529.5 595
544.5 595

574.5 340
589.5 340
567 355
582 355
597 355
574.5 370
589.5 370

574.5 490
589.5 490
567 505
582 505
597 505
574.5 520
589.5 520

574.5 640
589.5 640
567 655
582 655
597 655

664.5 340
679.5 340
657 355
672 355
687 355
664.5 370
679.5 370

664.5 490
679.5 490
657 505
672 505
687 505
664.5 520
679.5 520

679.5 640
657 655
672 655
687 655

702 280
717 280
709.5 295

702 430
717 430
709.5 445

709.5 565
702 580
717 580
709.5 595

Bomb Orbs: 1
664.5 640

Restore Orbs: 3
709.5 415
267 280
417 655

Health Orbs: 2
402 355
394.5 640

Player: 1
250 174

Pokemon: 6
Fennekin
0
10
40
450 202

Froakie
0
10
30
500 204

Pancham
0
5
20
600 204

Froakie
0
20
75
800 204

Pancham
0
10
40
1000 204

Fennekin
0
10
30
1000 202